actuator_coefficient:
  rm_3508: # without reducer, only the rotor
    act2pos: 0.0007669903 # 2PI/8192
    act2vel: 0.1047197551 # 2PI/60
    act2effort: 1.90702994e-5 # 20/16384*0.3/19.20320855615
    effort2act: 52437.561519 # tau to current
    max_out: 16384

  rm_2006:
    act2pos: 2.13078897e-5 # 2PI/8192*(1/36)
    act2vel: 0.0029088820 # 2PI/60*(1/36)
    act2effort: 0.00018 # 10/10000*0.18
    effort2act: 5555.5555555 # tau to current
    max_out: 10000

